MAE: 0.1422062976027311
MSE: 0.06194459109239733