MAE: 0.04579742063473926
MSE: 0.7742202407528167
MAPE: 32.56989624751624